13833
8056
11563
7547
7749
8260
7246
2360
400
8407
14299
12710
8263
3629
15482
9627
15853
498
358
2389
8963
1793
1560
9004
8071
12826
57
9114
3544
2310
13348
1068
1819
194
4995
6412
73
12744
383
1229
9079
11802
11138
13774
396
7059
15896
9543
6524
5373
5893
5483
2599
11544
11578
8452
13350
7845
5971
8329
14535
7113
11272
9275
6296
12201
14428
4148
15698
8196
6545
6833
1994
12182
1476
12829
13052
5559
12887
13821
9924
2020
3340
7791
3386
6616
15295
5824
10160
11622
274
2241
10126
1217
8996
5935
7461
13993
202
9901
13521
11848
5937
5567
12396
10396
8605
8040
7811
10688
3095
1633
1681
3155
448
2606
11861
9413
1547
9838
15406
8753
14959
389
6087
8026
7717
1052
14498
3438
6796
14443
12097
14385
9041
14937
3425
3909
15269
4565
4904
11715
3563
6643
5962
2007
11085
7266
11998
14017
3392
10575
8803
9470
10217
12784
15389
10874
6243
8150
7030
11997
11945
889
9953
3193
14598
7903
8922
9895
14862
7938
2885
14939
13747
6113
8794
6695
6562
694
12181
7871
4332
8133
4425
12561
7793
5886
1824
9170
10574
9919
15260
1065
3277
3153
3453
12090
4157
3240
5250
15906
2769
12501
719
11639
12620
3845
2703
1228
4950
13560
15077
8870
2582
14499
8504
14950
713
12017
15769
4586
3828
9375
100
12520
9296
9567
5865
9221
9756
9959
11665
4204
6498
12271
7285
5113
3969
110
11488
4152
14126
14452
4015
13494
9206
15898
9109
4544
15121
10867
4513
508
7876
2410
12199
15645
15844
15470
8224
11298
12661
14566
15541
6014
15772
6329
2326
13344
4951
216
12207
2819
15696
10250
7073
11593
14177
520
14708
5490
4156
13805
9722
15883
2776
9866
11414
14348
13165
13966
12914
11132
8485
1803
8550
3183
13641
7593
5983
9382
2684
13196
10173
9483
15825
4833
13555
13084
6577
14990
4294
9763
15638
5853
8145
823
1182
5701
14003
2391
12395
13736
11175
465
903
2914
9437
814
11753
12527
14585
4764
680
1807
13166
14702
14807
1783
10876
1496
7486
1394
12715
10265
10569
6256
2197
9749
7186
9853
15259
5706
4838
4341
6250
2535
13853
8350
7449
10782
6550
8279
14275
14569
8037
8983
11904
6106
4250
2165
8676
807
10140
15655
9539
15878
2278
3650
9264
10493
9369
4725
13158
6912
10362
13758
11994
1968
11348
10333
6220
8478
14268
12593
14255
5306
6006
11592
12412
709
12654
15113
2813
9707
12522
12698
2335
12526
15947
5339
3900
3613
8654
9680
8992
1325
2714
6193
5550
4220
4028
13856
14430
15096
12258
4299
8725
11324
9982
7012
7207
10141
5842
912
6150
12692
4357
833
6517
9061
5112
9084
9521
8271
8927
3665
12442
652
10772
3843
3426
11065
4444
14859
5917
6639
1271
12845
8513
8073
8611
14048
10057
4085
7622
1103
7796
263
12020
8826
14690
1929
8004
10237
4291
12768
10891
1641
15441
5412
1630
15799
7856
14996
12116
1883
4473
1278
13822
10326
1137
13979
10360
3504
1448
12716
5544
554
3194
12036
5491
8121
153
11556
3546
7458
6582
2961
13971
11526
6812
2648
12546
12723
2716
4058
14556
12138
2160
3606
5929
1006
5305
2478
13896
13134
4230
4260
9486
3624
10593
12335
14045
13217
403
11025
2119
12172
6984
15917
8960
5594
14642
6578
10858
15622
441
2715
1998
2896
11403
9638
897
10391
9528
4246
10182
12096
14943
13469
10490
8187
10992
15780
13903
15880
6341
2500
4926
11723
14940
1904
25
7390
412
5399
13505
1151
8632
14269
10018
11826
6993
7101
15807
10232
14553
6829
10855
13837
8686
7820
12849
7866
1840
1784
12941
9943
11270
15705
2798
15173
6544
2232
14158
9876
186
9742
4410
2686
15204
8274
8897
13963
8268
6280
2225
15292
5987
7864
1674
12386
14422
15824
6381
13820
13151
15035
8261
2773
6877
10296
8524
14936
9186
8505
479
14884
3463
8613
6236
5777
7375
8304
720
14065
9894
14349
8714
5484
6500
12240
255
6442
12538
8016
960
11353
6326
11817
8035
2883
15995
4892
13879
2296
15225
8529
777
2580
10935
13212
5458
9325
10608
3941
2563
6704
11932
12541
6199
8474
13762
12773
2887
12935
1587
10966
10103
5821
2407
9861
15873
3952
902
12502
3908
11924
12037
13506
13620
7954
1611
11515
14389
15502
8495
8289
13426
10954
8112
15004
1524
2759
4801
1045
15581
4558
14694
6914
2997
6826
7946
5258
7509
14953
12455
1028
2210
2913
9777
6103
13197
1074
6202
2963
8051
5295
9917
14906
13940
9863
14300
5654
10281
4519
13086
15438
1622
13475
11894
14571
9631
7781
12805
15028
10580
12376
7767
11139
12061
11257
10677
3722
9075
3072
9872
13145
2572
10790
13028
2224
2693
9257
232
11627
10513
292
14290
3780
4345
9542
8123
9218
10060
3907
4261
5661
5439
9174
4611
13481
6994
9643
15095
11170
15190
13547
10488
3161
4582
7576
15952
11355
4715
9481
4835
14168
381
3814
14035
6157
13388
10228
13956
8499
14663
14271
5232
3571
11022
7698
10923
11508
12601
184
6830
15263
6587
6194
13989
3226
2285
13557
4991
2740
12536
5442
15544
6679
12727
3117
1281
9696
1372
6369
9996
5436
8333
11398
4980
3765
1391
12892
10213
2889
2284
14170
409
4217
10643
6527
15670
7259
7253
11436
1477
7675
3178
3758
4500
12331
7755
10656
2524
7586
10448
3062
14478
13313
514
12028
1121
4552
9736
7082
6049
4328
12880
15315
10538
14485
10366
5548
11135
11479
7590
11427
3820
15505
11325
3944
7367
8742
14037
8697
2481
10325
5658
11736
8552
11326
895
776
10487
1218
15641
3127
15437
2229
2163
12839
2219
7040
4839
6678
7296
2117
493
1410
14140
11178
6793
7769
5726
12194
8252
10491
10037
898
5128
11773
446
13594
14805
13307
9562
12162
13379
5191
4369
3965
7201
8095
5331
10122
12222
10307
14877
8397
9605
7
829
6313
2269
14955
14909
15811
9455
13744
6720
13608
1849
6672
1561
7683
11786
512
3436
11952
12332
14368
6004
1287
13723
11235
11815
11367
15360
2818
2280
3052
7463
14677
9820
8387
5385
5227
14410
13382
14997
13147
3018
11598
6707
15032
11459
5174
7613
9285
10845
4902
13063
8891
6869
2422
12139
12708
11525
7795
13844
15310
11528
2749
10321
3457
6528
5052
11882
14705
11656
7760
7897
15565
5712
5451
11036
7226
14761
52
1514
15868
1786
1592
15236
13367
739
12065
372
13700
8027
13702
7830
1043
14554
3607
15617
6472
3007
8019
9132
1416
13385
7549
6152
6465
7648
9665
11063
10821
13238
7595
14142
4155
15212
4115
7896
12327
3295
13883
8477
2066
10898
4666
6123
15490
5596
9968
4080
8118
384
3970
6367
1576
3109
13945
15798
298
4955
13154
13694
15289
1257
1976
13352
5134
15549
10904
12611
8290
13270
5421
1977
11241
5244
3349
6489
7728
10880
3372
1206
11535
10650
9553
6892
15551
5678
3669
12475
12119
4508
13279
8226
4768
2636
4619
13041
2539
4450
3558
1687
4480
3350
2747
5366
7809
11586
1702
3356
4992
7192
5148
12822
9568
8564
1980
4932
485
3854
12306
9903
6481
11999
1491
14372
12261
7988
2815
6487
4493
12272
13235
2546
7489
14852
12415
14796
4680
15936
242
11915
3143
14093
13628
11981
7436
12825
1834
11599
4432
11587
14181
15816
10264
14214
6349
3812
5185
2626
8894
9540
2767
10344
4836
2145
2841
9488
15683
3243
9014
3122
10998
4982
12557
10551
6077
15716
10860
3946
6876
11692
2100
10470
3625
7106
5189
1007
1925
6821
5953
13234
6543
6898
5899
248
12778
11478
15335
8074
5805
722
2372
3160
5282
9290
9898
11226
8155
14027
1551
2622
3852
2429
3285
872
687
6177
15440
12644
5004
4664
7277
4690
8384
12340
15758
8603
6901
7956
6101
10769
464
9623
8563
1748
1879
7902
6084
10231
9083
5884
15195
453
6340
14650
12895
1162
11845
2537
4733
12029
15723
362
1527
6034
13269
4337
6464
10993
2176
1961
14021
7222
8941
8532
9025
5182
15185
14951
12000
4380
5513
3979
1079
14025
15805
2169
1516
8314
13500
12736
4537
4974
1482
11341
639
11926
14473
3793
1662
10678
8269
6718
14978
15228
2541
10508
4736
8223
447
15129
3513
3987
10905
8157
9754
723
2786
9743
9580
8190
12158
13751
2753
10912
2864
8126
3818
1732
7004
12263
13112
5311
12598
5774
10719
6330
511
10372
13022
616
697
4557
12737
3255
8341
12885
8589
14618
5193
1367
13004
2668
14865
11722
914
15021
8339
15415
11381
8562
9992
3559
15589
12814
6935
3596
8926
3521
12363
8014
1486
976
15579
11070
13044
5150
14285
2337
6022
11440
7091
4407
8830
8672
12534
15533
15005
10601
4726
333
1322
12619
55
4352
5068
4436
5124
9179
6941
8968
10377
6444
1237
8172
12436
9880
4872
12652
1755
14277
9388
14787
15137
1049
1035
10135
2492
9093
5749
7451
48
14165
5486
3328
10155
12244
13163
741
515
10216
8811
8953
4396
8001
379
3237
13511
317
8354
8472
1821
5906
1219
13653
6450
6995
4717
495
8129
11570
15706
7015
2414
7581
9837
744
6396
10092
3112
5411
6355
14263
9080
2220
6773
11823
229
3358
15794
3557
938
6336
10280
12105
1034
12056
2965
9844
1368
12938
5274
8178
10514
9305
13245
8208
14380
1870
10776
11929
2705
10341
13660
1773
12590
14337
12614
4069
1712
14150
6238
9784
6073
11011
8645
3657
15643
9340
10313
5217
1959
1066
11851
4944
8703
8674
6081
7249
11468
15763
4990
3729
2770
14591
3361
12547
12284
2634
10888
11799
13597
7181
13750
4446
5207
15014
6972
482
12986
2867
427
1352
10121
7501
14078
9178
13083
7541
9629
15056
11700
436
15695
10694
10124
2101
4206
9334
12441
9573
2911
5078
13384
9966
3167
12886
9245
3244
5919
11726
1796
7407
10204
2259
9609
6415
13311
5742
8210
2919
1387
8
12816
10048
10872
486
168
513
14732
9986
12588
8363
14610
9320
1460
948
15974
15060
13025
7877
12626
15085
3488
10095
7378
15341
10958
11893
3985
5267
10673
3692
11885
13589
9927
7098
5531
1442
11361
4041
3984
1812
9660
5974
4585
281
4673
601
5741
8443
1252
15111
15139
1183
4429
10564
15059
7687
10715
9599
7143
530
12465
3084
13096
12015
1426
12239
8680
4304
3688
13831
7348
4806
8063
12226
2806
14656
15804
2332
59
14578
8885
14911
15167
6996
604
9671
10691
2141
2925
1558
1341
10525
15604
8843
13203
5447
9934
11870
9976
6176
14257
2628
1064
6531
3025
4494
12187
1159
8047
2543
14733
4172
15029
9847
3587
8873
13522
14370
8488
8234
8859
3289
13910
11661
4522
429
10722
9978
10621
15387
13394
12250
15183
990
9936
5031
10587
5115
10687
2076
6063
11044
2449
11949
15830
9292
12297
1534
3176
5168
2701
699
13705
5471
784
13281
9177
1396
8884
11360
13866
875
11428
3928
12998
12949
3718
6019
10062
13429
3576
1371
9759
7834
3133
10832
14015
5973
15207
3480
14652
1972
3705
5901
1570
13187
7838
7046
1519
11595
3635
4724
6100
10599
12901
7182
5549
6685
419
3520
2472
4605
11771
10851
135
11462
4885
14018
15542
1377
1438
14041
2850
15103
10848
6594
5839
4100
13604
4848
14722
13075
9429
10846
9794
10795
11801
1306
1536
8167
15426
11408
2264
11917
1009
7262
6535
1161
2536
5433
3049
71
6427
289
3100
14750
10759
12267
1479
8021
12508
7499
1296
1450
7761
268
9118
2509
9258
2608
8738
9998
6615
6575
3903
7591
14954
10584
2035
3545
15982
14923
15663
14900
10585
1457
4791
1061
10971
3500
12830
15648
10364
155
1847
13484
10829
735
12023
4421
14698
6745
2892
11630
12989
13470
10050
1348
10131
3263
8650
1031
6868
14106
5019
5617
3124
12797
793
15231
15634
13602
14209
15180
14145
3181
2752
1464
7710
1343
2762
10295
2333
15773
12304
14700
2458
3823
15757
2483
5356
10469
751
3775
2906
2134
6513
13523
424
12792
5615
8023
12995
14878
9653
2899
14453
1235
10768
2669
6759
7539
14728
6607
10925
796
9909
1124
548
10693
10042
7788
5957
8754
5116
7495
3004
1174
5508
9899
15597
3905
4972
10505
2397
3602
12811
10900
10419
9339
9259
8369
5757
13874
1350
2510
8008
4482
6403
1590
3567
2947
11149
648
5032
1021
7084
6424
3840
5283
930
5733
2674
9009
12193
10241
7814
8900
2111
13970
1279
8950
11516
7869
15164
5862
13540
11495
10672
14195
10956
6428
6395
15802
7377
7050
7955
15368
15219
14249
8937
5538
5815
10515
3413
4591
8090
12869
5737
15949
8770
10521
3101
3472
9825
8447
13649
9103
14032
5233
9583
2487
15857
6820
14688
5234
8105
1050
11856
8787
10801
5338
5033
9402
14793
10934
65
11977
13790
6018
11127
7841
4501
14746
6273
8231
13329
10227
1595
13791
7312
4534
6115
5041
10233
12313
7494
5844
5723
13125
2143
8412
15079
4701
7942
14094
618
13683
6644
7087
12344
13646
14083
5988
10844
3329
6023
6573
13119
614
8134
13305
4662
2150
1956
7502
9867
10208
12350
5985
8072
5534
10857
14197
1478
1266
11154
10441
63
5246
11832
12208
15317
3611
7997
2649
3475
7720
7621
11499
11331
10087
11098
11868
557
7702
3024
3324
6942
4363
13861
886
9492
702
10840
8070
11505
2856
5890
209
14794
15525
1774
6188
1255
6652
8053
5073
9222
14863
173
14405
8601
8496
8682
13761
3089
15328
12154
12086
8657
7322
5621
7466
2750
9601
674
6988
6196
8381
15521
6809
1924
556
4018
6328
181
13950
8018
3188
14920
9065
13219
5349
10803
10260
8573
11213
10611
15889
7122
2525
7544
6414
5754
320
4198
5504
15388
7919
8527
9714
7357
10253
4530
6102
10917
9321
3753
1660
2476
13960
15747
15130
6763
4104
7116
12523
4978
965
13775
9558
1123
11571
6586
7379
10446
3929
6596
7748
169
15650
6546
1688
287
13191
5010
8568
3319
4405
9891
13401
6317
4209
262
10091
6800
14456
12602
11843
14395
5430
14223
761
15484
587
5467
782
9363
6174
7130
13278
8942
14813
11866
12553
4394
11717
12492
7766
15504
1805
3276
14203
12838
12210
13911
15875
5261
542
11828
14314
563
291
4728
8958
6116
2291
5932
7985
6896
5595
7884
12904
11204
15603
5825
9343
11344
3734
305
6882
1148
15120
1332
8581
9385
852
12388
8652
8465
4390
13739
15242
3890
10659
319
11761
14696
9138
10781
12378
2909
13965
6715
4283
13981
15910
8530
8267
1833
336
13395
6356
905
11386
11131
11389
7948
13318
12610
13093
13482
15458
6756
13380
14225
5522
6915
3509
4310
4423
11752
15322
8517
11987
10666
1231
4338
9563
7893
1736
9997
10813
3961
1242
6041
6671
15197
15445
9961
8410
11538
9581
10920
2941
4849
3974
1608
9165
2915
180
5489
12574
14509
7008
8375
3232
8086
10006
9685
5474
10282
15146
3528
9797
3134
8461
1646
11514
6782
10614
3327
7409
3886
8788
265
3121
2043
4280
7969
12473
5845
1194
10420
3212
11349
11467
11184
11664
12721
12299
10166
13215
5850
826
15339
1100
1275
15168
5360
14527
6844
5831
6072
15672
842
2375
9941
1850
14474
7392
535
7104
2405
342
7488
13735
10223
5454
4920
2988
6120
7610
14945
14707
10949
2251
10676
5410
7007
8644
15345
126
12796
3478
2028
9150
15065
15828
10093
2656
14860
3850
9406
9475
5925
5049
1033
10033
2002
10685
8221
4019
10572
10510
1057
11502
4863
5417
3364
11747
3549
12301
10727
6781
5147
6603
3120
13007
7843
13933
13038
5176
5408
5647
1381
15621
10946
11405
14933
1364
7362
2420
1982
257
2072
2774
11347
14891
13110
4289
3172
2640
14072
3305
3415
12055
9410
3387
11763
15644
13819
7042
10395
3583
2212
9668
5359
137
170
15302
4763
641
13808
13048
3230
1214
5939
6335
3533
3384
6555
13072
11047
8313
13173
13250
9328
6955
5646
6217
1462
14613
11422
4214
6262
7215
1731
2312
6656
12229
15284
7467
7773
6026
5690
12939
12891
13914
8924
10588
9244
615
9769
8535
14831
5036
8641
14965
12278
9115
1785
913
3033
11470
12579
11847
156
13114
11450
7393
14471
7873
11057
6127
2597
1526
6742
7598
13346
2931
15743
1651
15649
4258
5256
4021
8307
13255
1016
15163
7368
2787
2075
4262
13934
2144
13881
5800
6478
2502
11277
8050
1127
13998
525
7423
14400
3684
2399
5798
6503
1060
12675
15835
10151
8800
13148
474
10699
2721
11288
5428
14361
14067
4134
2448
1155
14218
10919
13515
5517
3140
6700
5564
4486
11813
12640
4453
14406
6977
15107
5554
15412
15478
5907
13420
2796
5002
3708
2371
4463
9237
6784
5763
7618
129
5566
12947
4361
6240
8201
12354
5792
12767
3068
3537
3912
8135
6590
9611
9904
3429
8683
13995
15704
6717
6987
12041
3373
8197
14213
12841
6426
11146
15529
13375
9690
4514
8471
8237
4499
1757
11319
2977
11301
3699
4471
251
11485
6956
2090
14317
9487
13364
353
258
12180
1300
6655
13263
2121
7740
8857
3686
4049
2353
4812
4747
13530
7725
13724
6810
303
6213
9531
6606
7431
12854
7344
12719
11112
15377
1913
8675
15626
10738
11873
4023
2627
11846
10107
11167
5070
5249
7511
8414
15522
13308
15338
4307
8578
4022
14059
5367
6595
9650
8984
7172
3022
4924
1910
6797
11185
4011
9719
6860
10104
7429
1596
555
6033
12663
6677
8425
7504
14889
3005
5904
10239
5288
2897
10675
9881
1373
8159
9760
3431
6477
9303
7996
434
4998
11327
11725
8658
3292
8441
7625
5266
12007
787
7665
15639
3085
10376
12330
14775
1274
3846
6333
9716
1940
15966
7737
9908
2055
3179
2842
3731
14270
309
15018
9088
6713
10884
2777
15187
14534
11679
12168
11410
13862
13779
14477
2971
1395
4634
2323
1126
10718
8767
9364
9607
15401
8385
1461
10492
14312
9146
3715
5804
12748
224
2129
959
742
9687
9148
4197
9548
6182
2625
14002
15000
7089
14619
6939
8502
10865
15220
8336
7807
9704
3889
2843
13916
10061
2207
13244
11959
12075
13919
1835
9377
4093
5464
11809
5472
7154
10374
11215
14107
9910
696
9169
7139
3001
15382
8557
11282
12632
9368
4846
11366
1262
4279
11458
12042
9121
9518
12747
11670
1919
1233
15193
10081
3275
1147
15098
11745
1301
1178
7534
13101
3414
9090
11748
7721
13996
5998
15792
3079
14378