9326
8963
4498
2902
8544
4937
11049
11804
2974
4904
8255
3914
2298
2089
11507
12322
10115
9592
8401
1378
7190
6623
361
168
6612
1069
3206
10432
1673
11011
6492
4910
8951
11350
2938
12157
2054
7834
10037
4445
4192
2663
5413
1038
203
10730
2564
14697
3420
8248
2779
3132
9923
3842
8781
8709
1022
10527
12132
3784
10963
1219
8042
533
14715
7880
3298
1843
7279
9093
9364
3441
9896
2862
2818
694
800
9585
9519
199
189
10743
8435
10771
3334
12310
5400
9497
6840
6707
10610
2301
13336
11008
5015
392
9771
5744
4562
9744
5241
829
4143
2435
4956
8504
1110
2672
2172
12215
4970
3085
2188
481
3587
8219
4209
5210
6246
1436
13115
2092
3037
12082
11088
11877
4323
7036
12150
10057
6825
2228
1421
7320
5977
7110
12349
6882
9081
5487
9408
14440
11105
129
8656
12257
12004
7647
10753
12242
4023
6181
4281
13744
2802
12297
11700
6301
332
6689
4292
4343
10717
6529
12404
12211
4574
6273
2969
8311
513
8522
8126
1402
7965
978
7490
10499
3961
3493
12146
6173
11253
5473
5091
4017
9736
14397
11737
4277
2035
11731
8612
3807
10462
6514
10619
3395
3714
11837
3893
130
2828
4239
3406
2789
1156
8922
2618
868
7565
8399
14722
3278
12170
722
11292
6437
5808
9291
3207
4830
5364
8998
5141
1032
8041
6936
982
4066
8767
7175
5938
11468
4347
6968
12896
1016
9190
6686
13659
2954
12455
6274
4094
4788
10885
7636
9914
3063
11492
12887
9641
8184
9075
3468
12368
11102
10015
2623
3578
5219
5084
12379
5137
5309
10333
1907
12862
6794
12058
3007
1709
4328
6486
1853
13148
2955
11465
2598
5055
10213
9030
10803
12532
1404
14402
13248
11685
8141
7951
5606
1905
5227
9864
3603
3605
10060
2793
2913
2948
8530
4759
798
10893
5690
8034
5291
13214
1623
5013
7439
10797
2896
3629
3413
13795
2645
9453
9919
4193
4514
3964
12506
8730
4814
6799
6776
3706
13059
6475
6815
6516
11657
11148
3169
6577
1280
817
7956
3456
12426
7123
12069
10316
11237
4146
12075
3667
11417
12162
6350
4979
1198
10636
7421
3052
1789
4920
4761
5172
4420
9121
11699
3205
3031
1773
6636
2505
12910
9049
7998
5720
3805
113
12824
11922
1412
10219
12100
7785
2915
10750
9814
4818
7079
8331
6340
1488
2951
9827
2004
7544
516
11875
3819
7817
2625
2259
3900
8409
13142
7356
13097
1676
6801
5951
5437
6232
1483
1284
12515
11091
12329
3852
6353
11012
12097
1631
11543
2973
7792
5932
4005
6422
7143
7994
9290
9825
2912
7150
2884
9505
7278
4129
4959
10222
5689
12174
2809
10390
13656
12533
4280
4583
6078
9270
5056
10467
9789
1208
9064
4764
11090
1252
7358
14154
5535
9346
5525
5730
1063
11590
9611
6386
12278
1502
3387
14706
10923
1581
6986
10404
7708
2252
3422
9521
4652
10382
6611
9940
2714
7837
11635
6688
6219
2203
7193
5623
907
2674
7142
4049
10098
7045
10582
12253
1031
3618
3789
7030
7558
11612
11338
4863
3705
11754
7912
7217
11421
10381
4541
2845
4111
7518
1300
1261
10782
4364
1620
8055
9809
2791
778
14672
824
4246
440
4578
3382
5723
2501
3077
885
7546
10068
13203
7959
142
3526
5085
10296
4475
3766
9224
2844
11506
3129
6471
7453
3104
13178
6561
11714
5043
3599
8169
12316
7968
6088
11129
4384
3616
3176
1777
7579
1177
11047
1626
4914
1768
1584
8799
11829
3688
9312
10758
3313
3517
9357
1945
8396
9334
7736
1651
14587
8204
6306
6813
11975
4240
3317
9137
13462
12292
11694
12545
9048
4241
7953
776
4447
6438
3545
5431
9788
9678
5662
458
14285
6673
2346
2591
14755
5899
322
2073
8513
11728
1429
2029
10576
2763
11429
6430
4496
12385
4951
10842
3425
376
6280
3119
12095
11719
10300
7187
2494
10882
8877
7141
8988
3157
6285
11436
1103
1358
11109
3042
4389
7158
3937
4063
12217
6072
10498
1463
1980
9159
6701
7533
12193
8123
6282
393
524
4478
8007
6675
1123
8166
5634
2107
5297
7737
2711
2705
6356
529
14545
2807
366
11480
12823
984
9625
5746
9280
2211
1452
9952
8861
2769
3727
844
204
4850
7852
3981
6413
4253
9491
8837
8067
10109
7264
9168
12028
1723
3260
1785
2477
7155
5648
12294
7400
10224
3194
9470
917
12209
10124
5544
14758
10725
8111
11563
8162
3485
11269
13096
5669
5661
8443
4083
2190
9039
11994
10902
8539
5257
4711
11015
3788
3730
12169
2971
2647
6277
11279
733
9020
2474
10073
714
5787
7570
3477
5635
927
8302
8935
6231
2303
926
14689
560
11225
1327
1292
7104
9728
13040
12973
6143
7464
8987
7790
3976
9173
1836
2266
3150
4519
11392
12197
13849
12978
4313
9249
6459
12176
2416
5477
3864
9564
6762
3725
8558
6175
10242
3057
8853
7379
9665
2109
11285
1703
5998
9977
5115
13212
5762
7127
3649
4603
812
11416
1074
2580
2614
2230
4261
12141
10656
12256
2397
2205
6714
2691
12129
8426
971
7874
16519
3550
1835
11071
8581
8959
3938
7008
11281
9414
5528
5513
12034
1331
4001
9928
10871
8286
696
3015
1019
7763
12889
5912
7407
12918
8806
4144
8512
8614
7829
11610
12893
7987
11567
1438
3492
183
7101
5407
6914
5192
1974
467
3967
9794
11706
6082
7732
5300
6720
11440
5624
14491
9104
1604
2944
10933
13041
10559
4560
9580
11300
9036
12943
6743
2358
13161
7057
400
7133
2917
5710
1388
2183
7709
10118
2365
11063
6902
12946
1814
293
12071
7903
5694
1560
2271
10930
4921
728
3966
2406
4096
10056
3758
10185
2003
2198
11320
6903
2760
12021
12033
5950
11219
2295
9335
7225
4564
5978
8933
11835
9431
1985
7669
2376
9202
10545
9258
12996
2503
1383
8039
12002
546
8441
11899
6317
13704
10712
120
4076
12166
9835
5469
8738
11369
9056
2756
11484
3139
4615
4669
686
7505
14220
5663
3781
11324
8748
1586
2907
528
4089
10174
13067
1728
7508
9363
5060
4011
5541
8270
6946
396
6294
9493
13211
1125
3935
9888
11821
6073
4199
8677
2635
8432
6065
2484
11763
8784
1889
1555
7830
9637
7756
4477
13717
1670
2615
349
3178
5373
9102
14298
11441
3969
5579
6453
2275
8836
12267
8548
13715
11588
1350
7414
7593
10696
14028
4939
4748
12981
9044
2246
3733
3982
12342
6767
8032
3115
1870
12888
6046
4189
11029
7854
59
4106
5542
4804
3877
7329
12198
11286
534
12830
11597
8849
12190
13011
11111
4536
9724
12022
3185
6898
5272
3202
7990
9764
10509
13874
6296
2577
6809
12587
8064
8628
13021
4551
3056
13124
7504
8491
5410
2675
2850
9912
13261
6233
10950
7641
11726
7458
13141
11056
5717
8145
3855
12061
12015
1414
1572
2260
6458
2320
5304
7962
6455
13099
4678
1311
12995
6279
5715
10076
7700
6299
6725
8755
12980
11943
6465
1563
8826
1521
5593
11260
12572
8102
12213
7985
3924
11504
2148
8213
10091
1440
11278
10868
10095
3490
77
12760
9450
3066
5659
9796
2813
10529
10000
4353
8192
9074
4203
9954
11381
1622
11330
1363
9561
3833
2128
2592
2366
3034
5900
1298
6023
6363
8319
1011
14263
4043
8607
8574
10172
3183
11528
4857
1607
7078
5046
10472
10430
7735
11774
9604
7748
12201
490
6407
11786
3323
3114
5751
12374
3092
3798
8778
7465
6827
10117
10830
3510
3746
46
1527
9958
12562
5832
7970
2375
3369
6265
11216
8254
13611
5363
497
11847
6777
10840
1456
6443
10536
461
5919
3791
13128
3327
12390
7240
7835
11371
8979
4009
9308
11736
7317
715
138
7208
1636
12417
5234
3444
1791
11236
11386
7066
5789
3662
1220
3272
2137
7377
5545
10496
6930
7655
3844
2046
2312
551
7894
4028
6630
2568
11572
9858
419
6694
9588
1076
8859
3311
8226
135
5482
4608
3912
881
5326
11066
2258
9060
5346
12283
2335
2337
9260
10716
2453
3570
1200
1718
3602
11757
12168
11246
8536
3883
11398
12964
8915
5575
3817
12512
5284
1342
6711
12397
121
4285
3457
2900
7961
1137
4474
4125
410
1391
6888
3884
14642
3048
10705
6731
3980
1269
14630
8533
10894
10434
2161
6763
6923
13854
6594
11574
962
6125
10650
969
8793
5823
13187
4507
10802
4509
14704
9108
10788
3756
10129
1693
11322
5484
2169
3276
2774
1009
4703
4555
9559
680
6521
7604
1948
3540
1677
2374
11184
9014
6094
1005
11905
11633
14515
454
12886
7243
134
8566
3146
7391
9423
9067
11496
11584
7152
2240
6682
8898
4167
11374
6401
10695
9616
494
4118
6197
11638
3647
7229
8289
9635
2687
10092
2304
12212
3571
7381
4309
3528
10116
5494
10473
6709
3443
3282
7628
12520
10887
4026
9623
11947
5876
10181
11099
1246
9854
9295
7897
7812
5081
11990
7376
5165
7982
9205
7521
401
11527
5968
3632
10225
11433
12318
816
3438
1326
5470
11403
8257
11859
4971
10805
13272
57
1354
3041
14423
6887
2652
9978
143
1524
10864
9086
11627
7586
3161
9464
7974
12521
511
6503
5333
5134
12437
5688
10608
10071
3275
8983
5128
3511
6460
2515
11545
2133
5094
12570
7255
2410
116
8492
7552
13899
2126
12780
9647
6217
5592
8195
2207
7192
14709
7487
12333
6298
3121
4585
3923
1779
12186
13080
5202
6845
5594
1724
10075
10773
3271
4235
9652
9059
2224
4510
10281
4304
1099
6327
2757
757
50
1186
6800
1808
3399
1059
11539
10074
14679
10423
3390
11793
504
11983
4735
9970
12161
6698
10367
8269
8534
2223
14543
9405
1494
11606
8722
985
8578
6874
1375
6692
1696
10108
4058
1655
11792
5347
8731
6358
7296
438
12090
1995
9196
10791
5667
10817
3801
7836
12402
2429
4002
2476
5993
3303
12770
6398
531
362
4057
3051
1270
6853
5495
6234
5627
7203
9861
6578
10292
7404
10114
5327
6114
13023
11462
8292
10566
4357
4915
4875
3693
4367
9572
3086
13060
12234
9731
12104
5452
12885
299
2187
13223
9915
8008
3292
8912
267
5308
11927
3501
8545
10228
3061
12026
5910
1657
13615
5276
6235
8514
7731
11306
6658
5976
7267
151
2935
7940
5244
4033
3035
9981
12891
10593
12538
11036
3993
9327
7408
2692
3677
5644
2175
1929
6663
1926
10978
2380
9446
3643
4142
4466
6699
3192
7288
4286
2116
10446
12125
2962
2010
10537
4387
1851
1415
2718
10469
456
9090
3095
2827
8667
140
12585
10912
1449
6787
6863
6400
69
6710
11575
2784
9047
11991
981
2279
10180
9486
12551
1169
8130
7742
10971
9273
10373
1569
3252
7424
9277
6583
2887
5280
14537
7106
8791
3809
3559
10388
492
2538
5835
95
12828
4617
9380
11202
1877
11778
4595
1295
3023
3952
1187
3093
9263
5334
10520
2633
11040
9733
7948
14314
12005
12369
3895
13168
7097
12401
9338
678
7884
1366
13191
6372
6070
7622
8493
236
8272
7697
12029
1485
13170
11315
9078
6557
7746
9680
123
10669
12205
3760
8411
9097
2694
6999
11387
13110
3075
3958
3989
3125
5331
5445
13738
6609
3933
8373
475
5711
7725
6620
1652
3135
4620
7774
7766
10586
5546
8846
8158
5625
4024
7739
7074
2005
1886
2166
8027
5678
1
12406
3822
10909
12458
7765
3577
5786
6434
5620
3453
13053
2709
12473
7496
2290
1251
4845
9169
7614
5282
14485
2982
8703
14549
3174
2772
10427
13087
14313
12203
1382
1619
9908
7263
10721
7071
11964
975
1497
11652
6747
6202
9839
187
11033
7993
489
9374
11898
3925
5226
4000
9582
12924
3381
5793
3672
12204
11978
8197
3309
11335
8353
12020
12124
7871
2961
3396
2838
6533
4464
10998
1960
2467
6540
9984
8938
10038
8961
1758
10284
4105
9878
210
10339
9189
517
11007
10358
9467
13113
13136
8787
14270
12569
12006
13210
14509
8972
3417
11897
3960
2727
5329
4126
1273
9549
5603
11308
3429
11559
9116
10153
5316
7342
5464
12172
10162
6236
4816
11641
4640
8689
10099
2530
4621
6166
13186
8749
5826
7218
14483
2768
3631
5568
6414
10120
5264
5075
13030
10440
125
1815
3574
10489
8196
11636
10319
10306
1731
5071
3246
5422
6313
3986
312
5731
5330
2738
13031
5583
5647
9527
8361
3228
12031
11982
2338
1949
4494
3439
10357
2059
2958
1012
5776
8774
6189
7963
5119
3918
7363
1675
5392
9041
2584
8447
5713
2599
2402
161
394
12763
8969
7921
11481
4288
11936
7752
3839
9874
13757
3120
1752
9195
2683
250
8210
3481
4934
10335
13721
7975
14099
3598
2456
9547
9361
2579
4182
2810
11810
977
3040
7826
7069
5901
3138
2325
3617
1428
742
10503
3588
2849
4807
11928
4963
1694
8040
5068
6158
4148
1317
9279
11979
2393
8932
5090
6962
4739
2681
11385
4681
11611
1756
3646
8970
7477
10411
10751
1387
12806
5320
2235
9673
5721
6764
1407
4806
10983
7743
2926
12245
3910
850
6329
5342
3131
9610
3881
2513
852
3896
3107
147
7354
11132
5566
9021
7997
851
2874
4606
5411
11986
8359
11273
13512
2839
12096
11210
2504
3261
4785
13064
2537
8433
764
5118
1052
4625
10616
9480
7749
1090
5708
3977
1862
13452
11958
4040
12285
2824
5794
9175
11874
2919
3299
9426
9763
6374
7209
7918
11808
4542
3795
13200
5657
10282
3304
4657
3739
700
11477
698
4338
3342
12376
10784
9429
3110
9959
11213
12270
9204
4960
6205
13139
6791
1665
9554
3645
2231
9986
7092
3166
3103
8329
3765
4689
11934
11388
10546
4153
8902
7308
4356
8986
9557
3696
873
115
11221
7205
9373
4777
1178
8516
2370
10399
11133
6305
5354
3142
9573
6957
214
9333
4476
8572
303
3866
9499
5162
11028
3754
2471
9352
10729
486
11973
3988
10857
11536
986
4404
11725
3370
11271
2929
13753
10058
14297
7182
11510
9073
408
11428
4470
11377
3442
6638
9264
3118
12345
9626
4316
7924
555
9642
6790
5670
9606
9386
6043
9422
1968
14166
7942
3082
3153
229
14265
8579
8458
3269
8094
7302
2044
5177
10917
5639
10454
3349
12500
11758
10685
368
4161
11790
4341
11977
6218
4633
11346
8580
3191
10551
4231
11985
8460
5358
8151
7220
3851
12917
7339
2357
857
3774
8990
3997
6796
8010
8639
1134
7946
4245
6559
10449
11769
9818
4895
11889
3596
11461
2322
5143
12085
1872
5352
10453
11018
13904
8901
4997
10870
2045
2991
12191
13262
11683
8351
3148
4331
2735
9366
6344
1431
9427
3711
10442
8502
5954
22
3950
8416
10207
13164
5415
4360
501
2540
8038
11670
5533
1314
934
6683
371
10365
3351
11953
12103
6375
5287
84
1140
372
8015
8344
12558
4680
7967
7684
11777
7694
13900
7816
10886
9022
1797
8879
8540
1301
6146
9810
8666
7435
2803
12043
13294
12408
5069
3507
10409
12187
8222
1394
2379
3703
8890
12260
7887
6187
8567
13831
12202
13484
6821
1409
6525
1493
10506
3180
9336
9995
13036
10086
2708
10439
10102
7568
74
8707
10897
14393
8017
11980
170
13313
5394
6562
13201
3563
6828
7878
7538
712
12269
12508
14805
3497
9318
12580
10428
354
4346
7926
7824
12344
6006
6680
9953
9399
3564
4015
9147
3713
5506
6860
5760
102
6079
9051
7428
4779
8481
6817
1688
2957
9909
4630
7802
6621
11598
3579
9259
5133
2352
2080
12019
8262
3474
387
6737
377
9439
5860
14310
474
553
1339
4349
4052
7855
7598
3811
9235
7212
3674
11907
11399
2547
1567
13856
11684
5054
12937
2130
9437
6209
2409
6752
2550
8595
8422
3738
11752
12091
1986
7166
6188
9737
6883
235
840
2965
8672
3013
6227
7831
3731
6934
249
7825
4405
3904
13179
2539
5453
1377
3974
8674
8758
9278
13046
11674
11602
3668
7992
3827
9124
11035
12411
4493
10643
9566
11486
3421
14476
2517
8245
7085
7819
11460
10508
6550
5935
10338
12250
2347
8520
5317
7902
1507
6939
6724
9597
11451
11724
2163
10342
12221
11762
4631
2274
5939
3117
12853
9383
11154
197
9242
8446
6547
2355
2583
12954
995
7037
13035
8610
9902
5426
1211
3682
2924
1344
5778
12181
9229
12054
5868
5750
3069
11491
7809
10526
6419
13688
12849
932
11476
2750
9605
6670
14282
7747
3199
10999
2864
10401
6864
10541
859
8484
6586
12057
3302
5573
2512
3810
5268
10089
6033
4339
11698
1243
5467
3951
12351
11852
383
5610
2908
6278
9891
1601
5012
2025
8991
718
8050
921
7629
1873
10396
13735
1138
12409
1860
2703
7839
1176
4930
11548
4885
11873
11960
3821
12277
9177
11906
9488
10542
3405
12305
2065
7470
1276
6362
7627
13890
11812
1434
7157
3314
12046
12559
10899
12791
11083
13090
4361
455
3831
12012
10272
12836
8638
6784
6433
7304
7136
9174
3235
186
2027
11158
10836
6554
3619
12483
7704
544
8786
9082
2151
9463
14
9943
4226
8977
4100
7945
3290
3963
11499
6026
3948
11115
3343
2264
691
5283
7043
2386
9136
7679
1520
9106
240
1844
9823
865
861
14504
7362
12857
6323
3610
6086
5796
1562
7468
37
10032
767
2442
6679
12128
14389
9475
12179
6263
955
11301
5655
8954
11708
6935
5377
14622
1152
9432
1996
6101
12044
3916
6785
2988
12171
10689
1918
4092
4103
8457
1740
7260
11443
11076
10901
1939
13208
6402
4014
14736
9875
14091
10263
7716
2549
6485
10921
317
12451
5615
9330
10500
3566
10823
7093
9551
194
6931
4064
7913
6843
1792
1122
10919
1856
3773
259
7083
998
4517
2800
12302
10491
9627
11841
11174
2049
2339
5018
14544
6695
9129
11608
10361
1727
5017
8521
3435
11862
4098
2930
6818
12229
9428
2524
6753
2167
9213
3321
6213
9988
1653
7128
1596
4159
9532
12279
5303
3751
2419
10268
10742
1355
9540
9161
1783
3251
11212
1143
3384
4962
11251
1228
14525
1050
4370
730
7603
5925
169
9276
5475
4942
8322
5741
9066
7532
2001
6155
2932
11885
4363
7266
10435
5439
11952
5549
10168
13102
7635
5875
8205
2239
4069
3010
530
2567
1096
6127
6647
10305
7796
8810
3109
3665
2880
6629
8808
9287
4518
11407
12108
12035
693
3797
7103
8089
5761
5142
10150
2308
2794
2449
3928
12966
11255
9216
10318
12965
11827
12111
14629
11444
5683
12093
3913
4798
4257
7395
1072
6819
8509
4206
11232
9252
109
12487
695
1855
6873
5812
13709
787
6568
1639
1842
6575
2367
12405
4581
9296
8974
754
7904
11892
449
10458
6538
11644
11006
1039
5176
11127
11775
1972
9063
6871
12039
2411
3091
7649
8296
3689
8009
2353
417
6779
7484
12110
12144
4803
6674
7386
14093
3573
1802
11989
141
5212
3318
10905
522
5032
7828
8944
6852
6244
2905
3683
5531
5174
4029
9245
1616
9869
1722
6788
3959
3122
374
4696
6381
12243
11505
9384
5754
3341
3675
12527
3865
4386
11836
3984
699
6626
13532
11479
10947
6650
3083
13218
13915
399
4032
8518
8104
6681
10042
3707
4949
3652
11727
7499
10085
916
8992
11587
6604
11607
6969
10649
3100
4212
780
5511
3663
11041
6735
11112
6810
12299
7107
3849
8546
11722
5937
7770
3806
2064
3294
3862
7632
8155
2848
11872
4272
12831
3239
10064
1543
8606
12860
2412
8955
7462
1185
7410
13852
3972
1260
4772
75
12529
12576
8488
11733
496
4305
8788
3813
465
14752
9537
8613
3790
12852
10880
2649
8503
997
3557
12588
6395
10097
14572
6426
6134
6160
10437
1425
13076
4194
6276
6051
413
4819
1010
13250
12045
9682
6850
13165
12454
13259
3917
5972
9668
10904
3347
5734
5780
3189
514
1716
6477
3133
7657
12182
9359
1087
7134
1217
5250
5461
3431
5076
7207
7939
3459
3288
10807
7323
1080
9525
10521
5139
4266
10519
8702
9773
13834
14499
4350
4791
4664
4429
7934
9677
8854
10787
8686
10480
2270
12354
2191
3802
6705
9134
10208
14540
8882
2574
10436
12346
10884
12220
10826
12338
3794
1915
12462
5799
3256
12460
1205
9889
6128
12306
3486
7729
12290
8341
2797
9502
4157
3940
12901
11677
1343
3861
11431
6641
166
8366
5650
7943
6445
9851
9894
1769
9985
7489
10944
8828
1589
5053
5965
49
7517
1395
7861
9068
12180
1486
12130
8340
9469
4650
3163
10994
9072
6499
6507
126
4918
11848
4438
10053
1480
12851
10471
1684
8762
464
4117
9791
2479
8179
1529
2960
4714
12165
4165
5105
5554
4061
12120
4515
3759
11940
8768
302
8334
2582
957
8370
10759
8941
7337
2748
1468
7481
8873
10448
12410
3921
6342
2497
6093
8723
5585
9163
2762
3909
337
4887
7966
3543
8490
12524
3164
10052
5532
7060
3469
228
10444
9434
1747
4122
12548
11179
3190
1674
320
1471
2440
6404
4372
1313
1057
12049
13790
4848
12264
4504
5435
9971
3416
3845
9151
7977
10692
6792
12249
10484
10094
10313
9955
5652
10815
437
828
7789
2206
11884
10018
8916
8690
12155
11087
5906
13380
9160
11568
6159
8167
10343
12394
8448
5113
4639
1173
9816
10964
11791
6186
562
9755
706
6994
8617
2562
12083
774
2227
13180
6106
9618
10812
11093
3770
1568
12728
4351
3026
12135
7001
4458
8559
5271
938
5960
12472
3932
9853
8374
4378
6861
10714
12287
4416
11971
12261
548
7485
10599
12448
10202
4952
1518
9956
8646
2671
14582
10738
2771
834
820
5822
11119
5727
6267
10217
5321
11446
12149
24
707
7991
2007
682
1267
2498
2486
3470
9830
2695
11203
13149
8078
9356
11238
3996
1078
2566
8835
10748
11801
3054
2434
7065
2323
3745
9448
9723
2008
6090
5617
8338
8620
8699
5338
11500
7120
8865
8223
11231
257
5934
8001
8708
5367
10682
11645
12115
11668
7810
8797
12094
12084
2697
3768
13026
1959
3623
4419
3336
11730
4087
827
10332
12066
5543
11478
12898
535
2108
12147
10215
12762
9268
4842
7277
10112
3332
220
11609
4776
3726
9692
14434
1852
5576
11240
8704
1210
6324
6147
3968
139
1118
4401
7353
8304
7566
6890
11393
12490
5312
1268
12024
6913
9973
508
8981
10702
9913
8830
2634
4327
3814
4237
14150
9231
7483
10311
9302
13184
3873
9937
4426
10652
4821
11620
9782
6782
5339
10553
9182
136
9206
3499
11578
6025
8964
888
2114
9385
7950
71
7969
9964
10216
11057
3072
13071
6684
9234
11375
10552
10235
9417
8519
1164
6588
6912
11634
2528
11128
3367
2102
904
687
3509
2195
8203
4233
7935
9681
346
9003
1537
4586
1735
2253
1182
443
9701
8920
10419
8326
5417
65
3575
6546
1184
3890
9961
5414
5160
5345
3902
356
8937
9613
11551
11475
1299
3744
11891
11156
4590
8745
9372
4270
8355
10171
5933
11100
866
5571
3556
212
7215
106
9804
756
7782
9040
2608
14148
688
1312
11450
2458
4273
9738
6179
1303
3712
2706
7528
6880
5705
6498
11723
6524
480
13227
4925
11879
9084
2373
5295
4452
2773
4512
11696
7189
148
2236
3546
12923
3128
1265
1535
8553
3741
1847
8048
12153
7244
2860
10931
8756
3003
12177
4876
10891
9313
4679
314
12987
10941
13078
13694
506
11287
11625
7776
4440
4604
12392
2405
3880
3476
5209
9833
1000
9942
4332
6740
4427
1067
9674
12308
3620
8644
9599
941
4279
10035
12301
6436
3378
1030
1952
6135
14547
10142
10794
10538
10821
4558
4613
4075
1546
11425
11518
6456
8016
11055
3320
12387
7516
2390
8022
5724
3772
5296
7850
5888
4892
11470
10002
5086
6428
9742
10391
6312
8780
4039
1942
12312
8479
8761
4609
1839
12400
4397
11860
196
2500
7216
8339
11911
3945
12313
5788
3401
7359
5185
7239
2332
10704
10613
10299
11580
3651
883
10770
843
6405
10468
736
11118
4282
1345
1013
10550
8309
735
3595
5560
4330
12238
5374
10494
11168
6153
7109
4908
12109
1364
10961
1151
10107
5922
6461
9698
5465
7068
2518
3258
7859
1360
3008
5929
2348
1003
14034
110
12502
13612
11935
9267
2572
8960
1554
6333
2761
11646
10233
9158
11788
4174
2696
4901
145
8603
11341
3354
3786
12380
5556
2928
7170
2383
7534
10973
4611
12574
13032
3697
6335
4031
9976
3053
14214
11272
2950
7149
5455
14558
976
4831
2462
12226
6275
6315
10253
7000
3149
9266
9644
4755
2823
2459
8288
3322
2284
1610
6721
105
5379
5671
3046
2909
12540
1803
3293
3187
7441
3600
11201
11621
11666
4382
5879
3386
4775
468
8942
5328
10083
886
4454
11435
9444
7482
3764
7642
9316
12904
11667
1846
12030
8956
5429
12347
12123
11833
2918
6102
2872
4836
8187
382
4267
10328
3025
731
6655
7984
160
6420
128
7851
11690
9305
14427
398
7827
6059
10105
12219
3522
2569
5175
6774
4523
6759
5370
6685
8258
5340
13118
2061
8043
11661
12843
8600
11344
12424
5214
703
11619
6116
4179
10065
2920
10918
3440
12362
12160
1941
8148
4829
9271
5792
11459
6349
14394
8815
7387
3330
35
2975
3565
11925
4944
6504
12959
7443
9058
8637
11086
8855
7791
11893
2877
11302
3210
1642
3860
12003
2101
3680
381
14551
3722
6484
4591
5313
8880
12911
13393
12042
4941
1153
12142
2638
14770
7183
3757
2424
841
4081
5117
12761
1656
1120
7996
12933
988
7072
9569
1946
8716
7927
13130
10197
7318
8074
6511
8014
3787
1498
4430
4216
1963
7672
2560
3340
7773
8925
2559
3847
11566
5559
4284
6442
11755
7872
11863
9443
83
6804
6142
11813
484
3460
12081
8087
9993
3601
9538
9850
8388
3868
7741
6894
3903
2436
5668
960
7930
9534
9222
2157
2785
6368
12074
7618
9600
1633
9415
9465
10487
5102
1209
6030
10851
5552
4085
4312
3875
7858
7430
5048
6844
2956
10106
10211
541
12164
7768
7733
7730
9054
11107
10564
12173
11888
11826
13382
9079
304
14178
12457
6017
10879
3247
14688
7957
8413
13263
9930
10687
6640
12088
9243
7755
5444
10966
2834
5372
5292
1332
3223
8824
3709
1203
2238
11622
7589
253
12087
5517
3840
5902
7563
11997
10872
3624
2136
4719
2297
9920
1582
12134
12032
13270
12778
1101
8131
4204
11027
12485
9172
1503
2491
3793
8740
8893
11051
4713
10128
536
7476
4139
9328
4974
10455
1466
7210
6509
4893
8264
2833
7475
12468
2666
2611
11931
13175
2276
8906
13702
5051
5293
8528
3385
2369
1259
4692
8402
8616
4067
6248
554
6027
1801
7024
10854
3942
11405
7769
1528
853
2097
10393
11494
7515
4610
2344
8239
3409
11194
7670
14316
4658
6678
14126
11445
4358
4685
9010
4385
12845
11773
4185
7388
9112
2814
7159
12583
3553
6325
1512
8746
9974
4155
13182
2916
12566
8800
10051
11751
8391
4745
1084
14732
11643
1732
5472
12929
11784
3480
6063
8785
379
11121
7184
5660
2798
4302
539
2983
2594
6084
9859
6300
12378
6478
9115
10341
7519
2700
1919
6137
13176
8318
14417
7820
3628
5474
2815
6849
9578
275
11822
5072
4388
3017
13054
11682
3867
2024
4041
10096
11378
3858
10555
13222
13094
9377
11427
6656
11564
558
8676
9232
11098
5074
14604
1532
5915
4673
3145
11314
13105
2534
4912
13174
3454
12395
10334
157
3071
2480
7696
11249
5898
3991
4307
1071
9925
784
1536
11914
5009
14619
211
1628
4947
797
8794
7090
7331
3489
3519
2216
3678
4794
3724
6069
9381
10544
409
9530
11709
1285
9963
4602
87
8506
12237
7574
14354
2385
6895
6814
12525
12240
7772
2886
11252
11954
7077
6154
11343
2664
2437
12988
9951
9337
10790
6872
11171
10173
4258
11855
14686
9862
2492
9694
2447
7398
12573
9941
2178
5402
7717
11825
1571
13206
12861
6034
7840
5050
9310
12772
7446
2593
459
11995
8812
1015
2482
963
4249
10913
3874
5443
3568
6744
7662
13204
447
3305
2820
4691
8035
10412
12348
3761
12511
2221
11218
4290
10005
5098
12117
505
6457
10407
12530
4465
12293
6520
9272
11488
11744
315
4376
13240
9614
5181
4988
11617
7879
1763
6406
3569
9207
9155
2396
4916
3491
5078
3555
2217
6741
5756
2578
442
2699
5719
7073
3915
11717
3911
2013
6603
13458
3905
8300
9253
5677
6297
5926
10745
545
12355
6868
12358
5030
6092
3634
9576
7545
10535
1711
12370
2817
11126
4576
12364
8561
2792
14212
167
12531
8297
6129
9349
7494
6240
13092
7385
4462
7253
6495
12593
3985
939
5112
11394
201
4425
11713
3778
1024
7384
6496
920
8657
10922
557
6719
9094
5643
9031
3763
8012
406
10584
13072
9389
6522
12331
4922
7715
11871
10088
13903
3850
684
6917
8999
6149
6778
9934
10623
4021
10924
3944
2490
6897
1193
10330
11923
1667
4592
12803
1105
1166
11535
8985
2904
11939
2947
11834
3975
7881
7564
5864
7374
11415
8759
3941
13013
1545
3241
2856
11234
899
6120
10478
11716
3359
8860
5631
297
4782
7682
6668
4906
4569
1734
3785
11843
9240
5880
5359
3882
3277
402
10839
2488
5595
9533
1754
9867
2933
4607
1367
10867
7488
8047
6451
5003
2499
3345
5383
4460
10691
13018
8229
11739
13247
685
2741
11497
2668
12375
3589
3743
9283
5077
7058
879
12156
12571
11226
10563
10420
12974
1271
3222
7111
10569
8026
6440
9378
12113
9153
9288
13695
2194
3695
4079
12956
97
12436
9865
13114
10774
8724
4623
11424
1175
12335
12259
3074
108
6802
7889
3946
12907
10624
10445
8317
4665
14360
12328
1689
6811
3956
7814
7341
6185
4774
4732
10414
1445
6259
9575
8965
9772
6108
8908
7154
10614
2159
11034
4773
9903
10288
9998
2602
12275
12796
1444
11918
10155
8670
2812
1117
6961
8662
7645
347
1892
11844
8253
4573
10201
5476
10562
8928
12289
12323
2398
14340
5555
8453
9472
6311
9304
10348
11233
8841
10617
9617
1044
6797
4742
9815
231
1799
9478
2168
2876
12557
7168
2551
8137
2281
2953
532
5807
7949
5440
9872
1660
677
3364
298
10470
552
13195
3922
10926
4905
8741
8421
2483
3433
4278
9424
6836
12000
9893
4805
10565
2028
11164
2946
13162
11268
3637
7126
272
11120
12442
6593
11274
8100
369
4999
6287
9369
8276
12372
11932
6768
8386
5895
3094
12969
3527
6123
7919
12036
6862
12751
2811
12352
5243
1809
5836
5982
3870
4164
14729
10598
7867
7698
1765
4520
701
10130
10760
8587
8487
11196
7876
6976
1564
4228
1934
2377
3684
6107
10302
2280
5516
5827
3544
5423
7843
10512
11382
4832
2249
6454
3306
9451
4025
9543
1644
11362
11886
12185
2171
12282
11340
1849
3894
12797
11052
3804
10429
10600
3220
11078
7541
242
6865
13037
6789
8115
6944
9630
12878
8183
1508
3547
4412
6708
13258
2927
1091
12897
10627
1577
9410
5889
1575
5
4600
7449
11317